Alman
011073054
10 20 28 37
10 18 30 35
10 15 18 34
3.8
Ayan
011193103
10 18 22 35
9 19 24 34
10 17 18 29
3.6
sagor
011193104
10 18 27 38
9 17 25 33
10 19 17 32
3.2
Feroz
011045875
10 19 27 31
10 18 30 31
10 15 17 38
3.7
Osman
011193141
9 20 25 30
10 20 25 37
10 17 18 34
3.4
Kobir
011073043
10 20 28 37
10 18 30 35
10 15 18 34
3.2
Nayem
011073101
10 20 28 37
10 18 30 35
10 15 18 34
3.5
Shaon
011193103
10 20 25 30
10 20 25 37
10 17 18 34
3.6
Shohidul
011073056
10 20 28 37
10 18 30 35
10 15 18 34
2.9
Rifat
011073069
10 20 28 37
10 18 30 35
10 15 18 34
3.2
